target	frequency
regex=[Ff][Ee][Ll][Ii][Cc][Ii][Dd][Aa][Dd]	428
felicidad	428

token	corpus size	all contexts size	frequency	co-frequency	specificity
la	9800	6267	607	504	26.17
da	9800	6267	41	40	6.61
el	9800	6267	266	199	4.45
sobre	9800	6267	38	35	4.21
de	9800	6267	465	330	3.72
ocio	9800	6267	15	15	2.92
brevedad	9800	6267	13	13	2.53
si	9800	6267	61	48	2.27
lo	9800	6267	96	71	1.99
búsqueda	9800	6267	19	17	1.96
otros	9800	6267	10	10	1.94
dinero	9800	6267	54	42	1.94
en	9800	6267	184	129	1.88
sólo	9800	6267	14	13	1.82
porque	9800	6267	18	16	1.81
social	9800	6267	9	9	1.75
que	9800	6267	441	294	1.71
es	9800	6267	205	141	1.69
concepto	9800	6267	8	8	1.55
sino	9800	6267	16	14	1.53
no	9800	6267	205	139	1.52
libertad	9800	6267	19	16	1.45
más	9800	6267	56	41	1.40
puede	9800	6267	15	13	1.39
relación	9800	6267	7	7	1.36
podría	9800	6267	7	7	1.36
alcanzar	9800	6267	7	7	1.36
muchos	9800	6267	7	7	1.36
mucha	9800	6267	7	7	1.36
y	9800	6267	253	165	1.31
está	9800	6267	21	17	1.30
a	9800	6267	146	98	1.29
su	9800	6267	27	21	1.27
país	9800	6267	10	9	1.19
d	9800	6267	6	6	1.17
pasaría	9800	6267	6	6	1.17
priorizara	9800	6267	6	6	1.17
ignorando	9800	6267	6	6	1.17
claro	9800	6267	6	6	1.17
verdadera	9800	6267	6	6	1.17
ocurren	9800	6267	6	6	1.17
paraíso	9800	6267	6	6	1.17
robe	9800	6267	6	6	1.17
perdona	9800	6267	6	6	1.17
se	9800	6267	104	69	1.14
te	9800	6267	37	27	1.13
cosas	9800	6267	13	11	1.13
uno	9800	6267	13	11	1.13
nuestra	9800	6267	13	11	1.13
tener	9800	6267	22	17	1.10
las	9800	6267	55	38	1.08
nos	9800	6267	44	31	1.06
implica	9800	6267	9	8	1.04
saber	9800	6267	9	8	1.04
arte	9800	6267	9	8	1.04
bien	9800	6267	18	14	1.01
laos	9800	6267	15	12	1.00
vida	9800	6267	47	32	0.98
con	9800	6267	62	40	0.98
arriba	9800	6267	5	5	0.97
básicamente	9800	6267	5	5	0.97
vale	9800	6267	5	5	0.97
serían	9800	6267	5	5	0.97
sociedad	9800	6267	5	5	0.97
dicen	9800	6267	5	5	0.97
justa	9800	6267	5	5	0.97
unos	9800	6267	5	5	0.97
consiste	9800	6267	5	5	0.97
única	9800	6267	5	5	0.97
dejar	9800	6267	5	5	0.97
eso	9800	6267	23	17	0.96
creo	9800	6267	20	15	0.94
del	9800	6267	46	30	0.92
satisfacción	9800	6267	14	11	0.90
buscar	9800	6267	8	7	0.90
todo	9800	6267	38	25	0.88
sé	9800	6267	16	12	0.84
posible	9800	6267	16	12	0.84
hay	9800	6267	29	19	0.82
hacer	9800	6267	18	13	0.81
algo	9800	6267	18	13	0.81
qué	9800	6267	26	17	0.79
feliz	9800	6267	25	16	0.78
sol	9800	6267	4	4	0.78
cantidad	9800	6267	4	4	0.78
habría	9800	6267	4	4	0.78
asunto	9800	6267	4	4	0.78
hombre	9800	6267	4	4	0.78
lleva	9800	6267	4	4	0.78
acerca	9800	6267	4	4	0.78
simplemente	9800	6267	4	4	0.78
buscando	9800	6267	4	4	0.78
tengo	9800	6267	4	4	0.78
algunos	9800	6267	4	4	0.78
real	9800	6267	4	4	0.78
parejas	9800	6267	4	4	0.78
menudo	9800	6267	4	4	0.78
instituto	9800	6267	4	4	0.78
dentro	9800	6267	4	4	0.78
científicos	9800	6267	4	4	0.78
amplio	9800	6267	4	4	0.78
tampoco	9800	6267	4	4	0.78
diario	9800	6267	4	4	0.78
llamó	9800	6267	4	4	0.78
parecía	9800	6267	4	4	0.78
directamente	9800	6267	4	4	0.78
ligada	9800	6267	4	4	0.78
sonrisas	9800	6267	4	4	0.78
guía	9800	6267	4	4	0.78
estaba	9800	6267	4	4	0.78
genuinamente	9800	6267	4	4	0.78
involucrado	9800	6267	4	4	0.78
hizo	9800	6267	4	4	0.78
pareciera	9800	6267	4	4	0.78
experiencia	9800	6267	4	4	0.78
medir	9800	6267	4	4	0.78
alternate	9800	6267	4	4	0.78
este	9800	6267	15	11	0.77
tan	9800	6267	23	15	0.77
esto	9800	6267	7	6	0.76
muchas	9800	6267	7	6	0.76
tema	9800	6267	19	13	0.75
yo	9800	6267	16	11	0.71
digo	9800	6267	9	7	0.69
ejemplo	9800	6267	9	7	0.69
siempre	9800	6267	9	7	0.69
difícil	9800	6267	9	7	0.69
muy	9800	6267	15	10	0.68
también	9800	6267	15	10	0.68
ya	9800	6267	15	10	0.68
mundo	9800	6267	13	9	0.67
nuestro	9800	6267	11	8	0.66
bienestar	9800	6267	11	8	0.66
esa	9800	6267	11	8	0.66
hace	9800	6267	11	8	0.66
estar	9800	6267	11	8	0.66
respecto	9800	6267	6	5	0.64
seres	9800	6267	6	5	0.64
aquí	9800	6267	6	5	0.64
tanto	9800	6267	6	5	0.64
interior	9800	6267	6	5	0.64
momentos	9800	6267	6	5	0.64
amigos	9800	6267	6	5	0.64
atención	9800	6267	6	5	0.64
materiales	9800	6267	6	5	0.64
aunque	9800	6267	6	5	0.64
chus	9800	6267	6	5	0.64
consumo	9800	6267	6	5	0.64
justicia	9800	6267	12	8	0.63
decir	9800	6267	11	7	0.61
tiene	9800	6267	11	7	0.61
mejor	9800	6267	11	7	0.61
así	9800	6267	11	7	0.61
nunca	9800	6267	11	7	0.61
haya	9800	6267	10	7	0.61
humano	9800	6267	8	6	0.60
pregunta	9800	6267	8	6	0.60
incluso	9800	6267	8	6	0.60
han	9800	6267	8	6	0.60
camino	9800	6267	8	6	0.60
nuestras	9800	6267	8	6	0.60
infeliz	9800	6267	8	6	0.60
definir	9800	6267	3	3	0.58
alguien	9800	6267	3	3	0.58
obtener	9800	6267	3	3	0.58
texto	9800	6267	3	3	0.58
experimenta	9800	6267	3	3	0.58
entorno	9800	6267	3	3	0.58
límites	9800	6267	3	3	0.58
temporal	9800	6267	3	3	0.58
menor	9800	6267	3	3	0.58
aspira	9800	6267	3	3	0.58
aclarar	9800	6267	3	3	0.58
ellos	9800	6267	3	3	0.58
espiritual	9800	6267	3	3	0.58
busca	9800	6267	3	3	0.58
alcanza	9800	6267	3	3	0.58
ti	9800	6267	3	3	0.58
ámbito	9800	6267	3	3	0.58
viene	9800	6267	3	3	0.58
personal	9800	6267	3	3	0.58
problema	9800	6267	3	3	0.58
llega	9800	6267	3	3	0.58
última	9800	6267	3	3	0.58
actual	9800	6267	3	3	0.58
buenos	9800	6267	3	3	0.58
malos	9800	6267	3	3	0.58
amargura	9800	6267	3	3	0.58
fuertes	9800	6267	3	3	0.58
peleas	9800	6267	3	3	0.58
rompimientos	9800	6267	3	3	0.58
desepciones	9800	6267	3	3	0.58
inspira	9800	6267	3	3	0.58
digamos	9800	6267	3	3	0.58
perfecto	9800	6267	3	3	0.58
asusta	9800	6267	3	3	0.58
prÁcticamente	9800	6267	3	3	0.58
circulo	9800	6267	3	3	0.58
ampliamente	9800	6267	3	3	0.58
demostrado	9800	6267	3	3	0.58
dan	9800	6267	3	3	0.58
básico	9800	6267	3	3	0.58
profundamente	9800	6267	3	3	0.58
llorar	9800	6267	3	3	0.58
mito	9800	6267	3	3	0.58
envío	9800	6267	3	3	0.58
publicado	9800	6267	3	3	0.58
viajeros	9800	6267	3	3	0.58
llamada	9800	6267	3	3	0.58
recompensas	9800	6267	3	3	0.58
manera	9800	6267	3	3	0.58
opiniones	9800	6267	3	3	0.58
primera	9800	6267	3	3	0.58
puesta	9800	6267	3	3	0.58
aswan	9800	6267	3	3	0.58
chilaba	9800	6267	3	3	0.58
motonave	9800	6267	3	3	0.58
casi	9800	6267	3	3	0.58
ayuda	9800	6267	3	3	0.58
entender	9800	6267	3	3	0.58
entiende	9800	6267	3	3	0.58
principio	9800	6267	3	3	0.58
ideas	9800	6267	3	3	0.58
material	9800	6267	3	3	0.58
contraste	9800	6267	3	3	0.58
entre	9800	6267	9	6	0.57
existe	9800	6267	9	6	0.57
nosotros	9800	6267	8	5	0.55
idea	9800	6267	8	5	0.55
e	9800	6267	7	5	0.53
filosofía	9800	6267	7	5	0.53
ello	9800	6267	7	5	0.53
sensación	9800	6267	7	5	0.53
deber	9800	6267	7	5	0.53
libros	9800	6267	5	4	0.52
modo	9800	6267	5	4	0.52
pensar	9800	6267	5	4	0.52
era	9800	6267	5	4	0.52
hoy	9800	6267	5	4	0.52
desarrollo	9800	6267	5	4	0.52
v	9800	6267	5	4	0.52
final	9800	6267	5	4	0.52
persona	9800	6267	5	4	0.52
tic	9800	6267	5	4	0.52
tienen	9800	6267	5	4	0.52
ver	9800	6267	5	4	0.52
venir	9800	6267	5	4	0.52
conocimiento	9800	6267	5	4	0.52
misma	9800	6267	5	4	0.52
punto	9800	6267	6	4	0.49
mucho	9800	6267	6	4	0.49
depende	9800	6267	6	4	0.49
demás	9800	6267	6	4	0.49
pueden	9800	6267	6	4	0.49
sentido	9800	6267	6	4	0.49
usar	9800	6267	5	3	0.47
poco	9800	6267	5	3	0.47
severos	9800	6267	5	3	0.47
ese	9800	6267	5	3	0.47
crítica	9800	6267	5	3	0.47
gran	9800	6267	5	3	0.47
personas	9800	6267	5	3	0.47
gracias	9800	6267	5	3	0.47
cierto	9800	6267	5	3	0.47
comentarios	9800	6267	5	3	0.47
noche	9800	6267	5	3	0.47
ella	9800	6267	5	3	0.47
ética	9800	6267	5	3	0.47
lado	9800	6267	5	3	0.47
cencerrado	9800	6267	5	3	0.47
placer	9800	6267	4	3	0.42
ideal	9800	6267	4	3	0.42
hecho	9800	6267	4	3	0.42
solo	9800	6267	4	3	0.42
realmente	9800	6267	4	3	0.42
largo	9800	6267	4	3	0.42
ninguna	9800	6267	4	3	0.42
comentario	9800	6267	4	3	0.42
necesario	9800	6267	4	3	0.42
deseo	9800	6267	4	3	0.42
cuestión	9800	6267	4	3	0.42
tal	9800	6267	4	3	0.42
profunda	9800	6267	4	3	0.42
altas	9800	6267	4	3	0.42
bajas	9800	6267	4	3	0.42
gratitud	9800	6267	4	3	0.42
básica	9800	6267	4	3	0.42
sÍ	9800	6267	4	3	0.42
estudios	9800	6267	4	3	0.42
prefiero	9800	6267	4	3	0.42
vivir	9800	6267	4	3	0.42
año	9800	6267	4	3	0.42
conseguir	9800	6267	4	3	0.42
casa	9800	6267	4	3	0.42
emilio	9800	6267	4	3	0.42
subjetivo	9800	6267	4	3	0.42
había	9800	6267	4	3	0.42
mencioné	9800	6267	2	2	0.39
priorizar	9800	6267	2	2	0.39
implicar	9800	6267	2	2	0.39
crear	9800	6267	2	2	0.39
puedan	9800	6267	2	2	0.39
producir	9800	6267	2	2	0.39
humanos	9800	6267	2	2	0.39
probablemente	9800	6267	2	2	0.39
dichos	9800	6267	2	2	0.39
conformistas	9800	6267	2	2	0.39
suficientemente	9800	6267	2	2	0.39
análoga	9800	6267	2	2	0.39
suma	9800	6267	2	2	0.39
duración	9800	6267	2	2	0.39
propuestas	9800	6267	2	2	0.39
objetivos	9800	6267	2	2	0.39
razones	9800	6267	2	2	0.39
entendiendo	9800	6267	2	2	0.39
sostiene	9800	6267	2	2	0.39
retrocesos	9800	6267	2	2	0.39
cíclicos	9800	6267	2	2	0.39
tienden	9800	6267	2	2	0.39
imponer	9800	6267	2	2	0.39
induciendo	9800	6267	2	2	0.39
dependa	9800	6267	2	2	0.39
creemos	9800	6267	2	2	0.39
quizá	9800	6267	2	2	0.39
torno	9800	6267	2	2	0.39
solamente	9800	6267	2	2	0.39
finalmente	9800	6267	2	2	0.39
goce	9800	6267	2	2	0.39
completa	9800	6267	2	2	0.39
camina	9800	6267	2	2	0.39
alma	9800	6267	2	2	0.39
acuerdo	9800	6267	2	2	0.39
consciente	9800	6267	2	2	0.39
monje	9800	6267	2	2	0.39
libro	9800	6267	2	2	0.39
considera	9800	6267	2	2	0.39
quien	9800	6267	2	2	0.39
recibe	9800	6267	2	2	0.39
nueva	9800	6267	2	2	0.39
basado	9800	6267	2	2	0.39
trabajo	9800	6267	2	2	0.39
modelo	9800	6267	2	2	0.39
sólida	9800	6267	2	2	0.39
toda	9800	6267	2	2	0.39
cuestiones	9800	6267	2	2	0.39
formación	9800	6267	2	2	0.39
estas	9800	6267	2	2	0.39
ignorancia	9800	6267	2	2	0.39
presentes	9800	6267	2	2	0.39
conscientes	9800	6267	2	2	0.39
experimentar	9800	6267	2	2	0.39
vidas	9800	6267	2	2	0.39
tú	9800	6267	2	2	0.39
sa	9800	6267	2	2	0.39
xd	9800	6267	2	2	0.39
pierden	9800	6267	2	2	0.39
traiciones	9800	6267	2	2	0.39
obtencion	9800	6267	2	2	0.39
crean	9800	6267	2	2	0.39
doble	9800	6267	2	2	0.39
elegir	9800	6267	2	2	0.39
cuesta	9800	6267	2	2	0.39
estúpidos	9800	6267	2	2	0.39
piensan	9800	6267	2	2	0.39
seguro	9800	6267	2	2	0.39
ferrari	9800	6267	2	2	0.39
tranquilo	9800	6267	2	2	0.39
hobbies	9800	6267	2	2	0.39
q	9800	6267	2	2	0.39
gusten	9800	6267	2	2	0.39
diafrutar	9800	6267	2	2	0.39
visto	9800	6267	2	2	0.39
dar	9800	6267	2	2	0.39
jue	9800	6267	2	2	0.39
dic	9800	6267	2	2	0.39
ciertamente	9800	6267	2	2	0.39
serio	9800	6267	2	2	0.39
volver	9800	6267	2	2	0.39
consecuencias	9800	6267	2	2	0.39
covid	9800	6267	2	2	0.39
diversas	9800	6267	2	2	0.39
profundas	9800	6267	2	2	0.39
alternativa	9800	6267	2	2	0.39
alejan	9800	6267	2	2	0.39
petardos	9800	6267	2	2	0.39
sociales	9800	6267	2	2	0.39
puntuación	9800	6267	2	2	0.39
económico	9800	6267	2	2	0.39
etapa	9800	6267	2	2	0.39
absoluta	9800	6267	2	2	0.39
sirve	9800	6267	2	2	0.39
breve	9800	6267	2	2	0.39
pequeña	9800	6267	2	2	0.39
julio	9800	6267	2	2	0.39
madrid	9800	6267	2	2	0.39
disfrute	9800	6267	2	2	0.39
tantos	9800	6267	2	2	0.39
sitios	9800	6267	2	2	0.39
bonitos	9800	6267	2	2	0.39
información	9800	6267	2	2	0.39
pago	9800	6267	2	2	0.39
inicial	9800	6267	2	2	0.39
reserva	9800	6267	2	2	0.39
cris	9800	6267	2	2	0.39
algún	9800	6267	2	2	0.39
alojamiento	9800	6267	2	2	0.39
consciencia	9800	6267	2	2	0.39
veces	9800	6267	2	2	0.39
supone	9800	6267	2	2	0.39
garantiza	9800	6267	2	2	0.39
utopía	9800	6267	2	2	0.39
alcance	9800	6267	2	2	0.39
vende	9800	6267	2	2	0.39
proyecto	9800	6267	2	2	0.39
dispositivo	9800	6267	2	2	0.39
máxima	9800	6267	2	2	0.39
queridos	9800	6267	2	2	0.39
poner	9800	6267	2	2	0.39
piensa	9800	6267	2	2	0.39
siente	9800	6267	2	2	0.39
reflexión	9800	6267	2	2	0.39
estudio	9800	6267	2	2	0.39
efectivamente	9800	6267	2	2	0.39
quedo	9800	6267	2	2	0.39
kant	9800	6267	2	2	0.39
palabras	9800	6267	2	2	0.39
preguntarse	9800	6267	2	2	0.39
diría	9800	6267	2	2	0.39
programa	9800	6267	2	2	0.39
fuera	9800	6267	2	2	0.39
pocos	9800	6267	2	2	0.39
serie	9800	6267	2	2	0.39
pertenecer	9800	6267	2	2	0.39
origen	9800	6267	2	2	0.39
señalas	9800	6267	2	2	0.39
debido	9800	6267	2	2	0.39
recuerdan	9800	6267	2	2	0.39
imposible	9800	6267	2	2	0.39
colectivo	9800	6267	2	2	0.39
privado	9800	6267	2	2	0.39
espero	9800	6267	2	2	0.39
conclusión	9800	6267	2	2	0.39
sentidos	9800	6267	2	2	0.39
inherentemente	9800	6267	2	2	0.39
rato	9800	6267	2	2	0.39
sabríamos	9800	6267	2	2	0.39
depresiones	9800	6267	2	2	0.39
damos	9800	6267	2	2	0.39
similar	9800	6267	2	2	0.39
físico	9800	6267	2	2	0.39
cero	9800	6267	2	2	0.39
proporcionó	9800	6267	2	2	0.39
tras	9800	6267	2	2	0.39
comer	9800	6267	2	2	0.39
gafas	9800	6267	2	2	0.39
cutler	9800	6267	2	2	0.39
intento	9800	6267	3	2	0.35
haber	9800	6267	3	2	0.35
importantes	9800	6267	3	2	0.35
picos	9800	6267	3	2	0.35
condición	9800	6267	3	2	0.35
circunstancias	9800	6267	3	2	0.35
media	9800	6267	3	2	0.35
va	9800	6267	3	2	0.35
base	9800	6267	3	2	0.35
estoy	9800	6267	3	2	0.35
importancia	9800	6267	3	2	0.35
será	9800	6267	3	2	0.35
debate	9800	6267	3	2	0.35
medio	9800	6267	3	2	0.35
contribuye	9800	6267	3	2	0.35
tranquilidad	9800	6267	3	2	0.35
compra	9800	6267	3	2	0.35
obstáculo	9800	6267	3	2	0.35
económicas	9800	6267	3	2	0.35
español	9800	6267	3	2	0.35
amistad	9800	6267	3	2	0.35
sabes	9800	6267	3	2	0.35
mas	9800	6267	3	2	0.35
evita	9800	6267	3	2	0.35
artículo	9800	6267	3	2	0.35
suerte	9800	6267	3	2	0.35
sentimiento	9800	6267	3	2	0.35
síndrome	9800	6267	3	2	0.35
trata	9800	6267	3	2	0.35
cumplir	9800	6267	3	2	0.35
televisión	9800	6267	3	2	0.35
participante	9800	6267	3	2	0.35
resulta	9800	6267	3	2	0.35
debería	9800	6267	3	2	0.35
santidad	9800	6267	3	2	0.35
preguntas	9800	6267	3	2	0.35
filósofo	9800	6267	3	2	0.35
video	9800	6267	3	2	0.35
resistencia	9800	6267	3	2	0.35
sumido	9800	6267	3	2	0.35
fuéramos	9800	6267	3	2	0.35
distinguir	9800	6267	3	2	0.35
c	9800	6267	3	2	0.35
genera	9800	6267	3	2	0.35
naturaleza	9800	6267	2	1	0.34
estos	9800	6267	2	1	0.34
seré	9800	6267	2	1	0.34
dice	9800	6267	2	1	0.34
mal	9800	6267	2	1	0.34
metas	9800	6267	2	1	0.34
mecanismo	9800	6267	2	1	0.34
motivo	9800	6267	2	1	0.34
nietzsche	9800	6267	2	1	0.34
precisamente	9800	6267	2	1	0.34
dices	9800	6267	2	1	0.34
defensa	9800	6267	2	1	0.34
constitución	9800	6267	2	1	0.34
morales	9800	6267	2	1	0.34
resto	9800	6267	2	1	0.34
especialmente	9800	6267	2	1	0.34
estable	9800	6267	2	1	0.34
uso	9800	6267	2	1	0.34
versión	9800	6267	2	1	0.34
sesión	9800	6267	2	1	0.34
plena	9800	6267	2	1	0.34
raj	9800	6267	2	1	0.34
curso	9800	6267	2	1	0.34
cáncer	9800	6267	2	1	0.34
pm	9800	6267	2	1	0.34
responder	9800	6267	2	1	0.34
citando	9800	6267	2	1	0.34
eres	9800	6267	2	1	0.34
crees	9800	6267	2	1	0.34
necesitas	9800	6267	2	1	0.34
título	9800	6267	2	1	0.34
escribe	9800	6267	2	1	0.34
niveles	9800	6267	2	1	0.34
literalmente	9800	6267	2	1	0.34
blogs	9800	6267	2	1	0.34
comenzar	9800	6267	2	1	0.34
votos	9800	6267	2	1	0.34
Últimos	9800	6267	2	1	0.34
puffinba	9800	6267	2	1	0.34
mensajes	9800	6267	2	1	0.34
cuanto	9800	6267	2	1	0.34
conlleva	9800	6267	2	1	0.34
apreciar	9800	6267	2	1	0.34
porqué	9800	6267	2	1	0.34
infelices	9800	6267	2	1	0.34
dosis	9800	6267	2	1	0.34
compartirlo	9800	6267	2	1	0.34
ke	9800	6267	2	1	0.34
fiestas	9800	6267	2	1	0.34
contento	9800	6267	2	1	0.34
saro	9800	6267	2	1	0.34
mis	9800	6267	2	1	0.34
ruiz	9800	6267	2	1	0.34
según	9800	6267	2	1	0.34
positiva	9800	6267	2	1	0.34
actuar	9800	6267	2	1	0.34
cierta	9800	6267	2	1	0.34
haga	9800	6267	2	1	0.34
modelos	9800	6267	2	1	0.34
fin	9800	6267	2	1	0.34
educación	9800	6267	2	1	0.34
dejo	9800	6267	2	1	0.34
contradicción	9800	6267	2	1	0.34
parte	9800	6267	2	1	0.34
contrario	9800	6267	2	1	0.34
budismo	9800	6267	2	1	0.34
propones	9800	6267	2	1	0.34
establecer	9800	6267	2	1	0.34
problemática	9800	6267	2	1	0.34
entendida	9800	6267	2	1	0.34
explicación	9800	6267	2	1	0.34
griegos	9800	6267	2	1	0.34
dado	9800	6267	2	1	0.34
efímera	9800	6267	2	1	0.34
excelencia	9800	6267	2	1	0.34
dolor	9800	6267	2	1	0.34
narrador	9800	6267	2	1	0.34
cualquier	9800	6267	2	1	0.34
fuese	9800	6267	2	1	0.34
emancipación	9800	6267	2	1	0.34
sistema	9800	6267	2	1	0.34
amor	9800	6267	2	1	0.34
concuerdo	9800	6267	2	1	0.34
piedra	9800	6267	2	1	0.34
situaciones	9800	6267	2	1	0.34
llama	9800	6267	2	1	0.34
día	9800	6267	2	1	0.34
significa	9800	6267	2	1	0.34
medida	9800	6267	2	1	0.34
tenerlo	9800	6267	2	1	0.34
equilibrio	9800	6267	2	1	0.34
matemático	9800	6267	2	1	0.34
definitiva	9800	6267	2	1	0.34
contexto	9800	6267	2	1	0.34
soledad	9800	6267	2	1	0.34
aquellos	9800	6267	2	1	0.34
elementos	9800	6267	2	1	0.34
saludo	9800	6267	2	1	0.34
shur	9800	6267	2	1	0.34
etiquetas	9800	6267	2	1	0.34
marcos	9800	6267	2	1	0.34
howard	9800	6267	2	1	0.34
voluntad	9800	6267	2	1	0.34
nombre	9800	6267	1	1	0.19
autor	9800	6267	1	1	0.19
lucio	9800	6267	1	1	0.19
anneo	9800	6267	1	1	0.19
virtud	9800	6267	1	1	0.19
aplicado	9800	6267	1	1	0.19
supremacía	9800	6267	1	1	0.19
sillita	9800	6267	1	1	0.19
dejados	9800	6267	1	1	0.19
matadero	9800	6267	1	1	0.19
prisioneros	9800	6267	1	1	0.19
bautizados	9800	6267	1	1	0.19
sobrevivido	9800	6267	1	1	0.19
altos	9800	6267	1	1	0.19
habrá	9800	6267	1	1	0.19
atenderlas	9800	6267	1	1	0.19
prometen	9800	6267	1	1	0.19
populares	9800	6267	1	1	0.19
evasivo	9800	6267	1	1	0.19
aspectos	9800	6267	1	1	0.19
conflictivos	9800	6267	1	1	0.19
evitarlo	9800	6267	1	1	0.19
sutil	9800	6267	1	1	0.19
momentáneo	9800	6267	1	1	0.19
sencillamente	9800	6267	1	1	0.19
tb	9800	6267	1	1	0.19
obtendremos	9800	6267	1	1	0.19
negamos	9800	6267	1	1	0.19
pillar	9800	6267	1	1	0.19
sorpresa	9800	6267	1	1	0.19
exista	9800	6267	1	1	0.19
haría	9800	6267	1	1	0.19
propensas	9800	6267	1	1	0.19
transcender	9800	6267	1	1	0.19
elevadas	9800	6267	1	1	0.19
alexandre	9800	6267	1	1	0.19
xavier	9800	6267	1	1	0.19
escribió básicamente	9800	6267	1	1	0.19
población	9800	6267	1	1	0.19
desarrollan	9800	6267	1	1	0.19
matemáticamente	9800	6267	1	1	0.19
evolutivo	9800	6267	1	1	0.19
incentiva	9800	6267	1	1	0.19
óptima	9800	6267	1	1	0.19
fluctuaciones	9800	6267	1	1	0.19
incentivo	9800	6267	1	1	0.19
óptimo	9800	6267	1	1	0.19
haces	9800	6267	1	1	0.19
biosocial	9800	6267	1	1	0.19
fluctuar	9800	6267	1	1	0.19
inevitables	9800	6267	1	1	0.19
todas	9800	6267	1	1	0.19
acciones	9800	6267	1	1	0.19
reportan	9800	6267	1	1	0.19
concreto	9800	6267	1	1	0.19
universitaria	9800	6267	1	1	0.19
despreciado	9800	6267	1	1	0.19
tradicionalmente	9800	6267	1	1	0.19
considerándolo	9800	6267	1	1	0.19
severo	9800	6267	1	1	0.19
profesor	9800	6267	1	1	0.19
iba	9800	6267	1	1	0.19
pronunciación	9800	6267	1	1	0.19
niche	9800	6267	1	1	0.19
decía	9800	6267	1	1	0.19
inglés	9800	6267	1	1	0.19
loco	9800	6267	1	1	0.19
filosóficamente	9800	6267	1	1	0.19
teórica	9800	6267	1	1	0.19
prácticamente	9800	6267	1	1	0.19
lógica	9800	6267	1	1	0.19
implicado	9800	6267	1	1	0.19
laura	9800	6267	1	1	0.19
aprenda	9800	6267	1	1	0.19
encuentre	9800	6267	1	1	0.19
metafísico	9800	6267	1	1	0.19
ineludiblemente	9800	6267	1	1	0.19
pasa	9800	6267	1	1	0.19
umbral	9800	6267	1	1	0.19
meditación	9800	6267	1	1	0.19
teoricista	9800	6267	1	1	0.19
verbalista	9800	6267	1	1	0.19
empezar	9800	6267	1	1	0.19
inconscientemente	9800	6267	1	1	0.19
propone	9800	6267	1	1	0.19
matthiew	9800	6267	1	1	0.19
ricard	9800	6267	1	1	0.19
biología	9800	6267	1	1	0.19
molecular	9800	6267	1	1	0.19
decimos	9800	6267	1	1	0.19
primeros	9800	6267	1	1	0.19
confusiones	9800	6267	1	1	0.19
psicológica	9800	6267	1	1	0.19
narcisista	9800	6267	1	1	0.19
alabanzas	9800	6267	1	1	0.19
contemplativo	9800	6267	1	1	0.19
profundo	9800	6267	1	1	0.19
criterio	9800	6267	1	1	0.19
aludes	9800	6267	1	1	0.19
hechos	9800	6267	1	1	0.19
trajo	9800	6267	1	1	0.19
bolivianos	9800	6267	1	1	0.19
debió	9800	6267	1	1	0.19
abandonar	9800	6267	1	1	0.19
lógico	9800	6267	1	1	0.19
olvidando	9800	6267	1	1	0.19
sentimientos	9800	6267	1	1	0.19
emoción	9800	6267	1	1	0.19
vainas	9800	6267	1	1	0.19
sinceramente	9800	6267	1	1	0.19
nombrarlos	9800	6267	1	1	0.19
inteligente	9800	6267	1	1	0.19
domarlos	9800	6267	1	1	0.19
refiero	9800	6267	1	1	0.19
curiosamente	9800	6267	1	1	0.19
sémita	9800	6267	1	1	0.19
hollywoodense	9800	6267	1	1	0.19
importarle	9800	6267	1	1	0.19
ligado	9800	6267	1	1	0.19
esposa	9800	6267	1	1	0.19
hijos	9800	6267	1	1	0.19
solvente	9800	6267	1	1	0.19
amargarse	9800	6267	1	1	0.19
lentes	9800	6267	1	1	0.19
ayudar	9800	6267	1	1	0.19
maestro	9800	6267	1	1	0.19
zen	9800	6267	1	1	0.19
thich	9800	6267	1	1	0.19
nhat	9800	6267	1	1	0.19
supongo	9800	6267	1	1	0.19
debes	9800	6267	1	1	0.19
trío	9800	6267	1	1	0.19
citas	9800	6267	1	1	0.19
mi	9800	6267	1	1	0.19
coach	9800	6267	1	1	0.19
i ek	9800	6267	1	1	0.19
sabemos	9800	6267	1	1	0.19
soñar	9800	6267	1	1	0.19
oportunistas	9800	6267	1	1	0.19
mantente	9800	6267	1	1	0.19
estúpido	9800	6267	1	1	0.19
verdaderos	9800	6267	1	1	0.19
maestros	9800	6267	1	1	0.19
categoría	9800	6267	1	1	0.19
esclavos	9800	6267	1	1	0.19
vives	9800	6267	1	1	0.19
encontrarás	9800	6267	1	1	0.19
subproducto	9800	6267	1	1	0.19
borja	9800	6267	1	1	0.19
vilaseca	9800	6267	1	1	0.19
vender	9800	6267	1	1	0.19
humo	9800	6267	1	1	0.19
cura	9800	6267	1	1	0.19
vuelvo	9800	6267	1	1	0.19
clásico	9800	6267	1	1	0.19
literaria	9800	6267	1	1	0.19
subjetividad	9800	6267	1	1	0.19
abierta	9800	6267	1	1	0.19
razonable	9800	6267	1	1	0.19
aproximarnos	9800	6267	1	1	0.19
considerablemente	9800	6267	1	1	0.19
duradera	9800	6267	1	1	0.19
sostengo	9800	6267	1	1	0.19
nihilista	9800	6267	1	1	0.19
tránsito	9800	6267	1	1	0.19
planos	9800	6267	1	1	0.19
existenciales	9800	6267	1	1	0.19
superiores	9800	6267	1	1	0.19
donde	9800	6267	1	1	0.19
radica	9800	6267	1	1	0.19
eterna	9800	6267	1	1	0.19
replicas	9800	6267	1	1	0.19
interesan	9800	6267	1	1	0.19
apariencias	9800	6267	1	1	0.19
ilusorias	9800	6267	1	1	0.19
seria	9800	6267	1	1	0.19
instancia	9800	6267	1	1	0.19
apoyada	9800	6267	1	1	0.19
indagar	9800	6267	1	1	0.19
racionalmente	9800	6267	1	1	0.19
bases	9800	6267	1	1	0.19
ordenadores	9800	6267	1	1	0.19
antiguos	9800	6267	1	1	0.19
ésos	9800	6267	1	1	0.19
difíciles	9800	6267	1	1	0.19
filosóficas	9800	6267	1	1	0.19
allanan	9800	6267	1	1	0.19
detalles	9800	6267	1	1	0.19
tecnocientíficos	9800	6267	1	1	0.19
explicado	9800	6267	1	1	0.19
ayudarán	9800	6267	1	1	0.19
sabía	9800	6267	1	1	0.19
enlentecimiento	9800	6267	1	1	0.19
tecleado	9800	6267	1	1	0.19
señales	9800	6267	1	1	0.19
button	9800	6267	1	1	0.19
contribuido	9800	6267	1	1	0.19
residencia	9800	6267	1	1	0.19
visitas	9800	6267	1	1	0.19
navidades	9800	6267	1	1	0.19
tuve	9800	6267	1	1	0.19
corolario	9800	6267	1	1	0.19
escuché	9800	6267	1	1	0.19
declaraciones	9800	6267	1	1	0.19
sentí	9800	6267	1	1	0.19
jugadora	9800	6267	1	1	0.19
despegar	9800	6267	1	1	0.19
engaño	9800	6267	1	1	0.19
nociva	9800	6267	1	1	0.19
juegos	9800	6267	1	1	0.19
hagan	9800	6267	1	1	0.19
divierte	9800	6267	1	1	0.19
pve	9800	6267	1	1	0.19
estardiu	9800	6267	1	1	0.19
vali	9800	6267	1	1	0.19
comienzo	9800	6267	1	1	0.19
llegado	9800	6267	1	1	0.19
cansa	9800	6267	1	1	0.19
corazon	9800	6267	1	1	0.19
arepa	9800	6267	1	1	0.19
claramente	9800	6267	1	1	0.19
clase	9800	6267	1	1	0.19
causaría	9800	6267	1	1	0.19
acabás	9800	6267	1	1	0.19
llorando	9800	6267	1	1	0.19
legutóbb	9800	6267	1	1	0.19
szerkesztette	9800	6267	1	1	0.19
utc	9800	6267	1	1	0.19
taller	9800	6267	1	1	0.19
temático	9800	6267	1	1	0.19
grabación	9800	6267	1	1	0.19
definiciones	9800	6267	1	1	0.19
describe	9800	6267	1	1	0.19
involucrando	9800	6267	1	1	0.19
relacionan	9800	6267	1	1	0.19
positivamente	9800	6267	1	1	0.19
cree	9800	6267	1	1	0.19
impacto	9800	6267	1	1	0.19
positivo	9800	6267	1	1	0.19
facilitar	9800	6267	1	1	0.19
juicios	9800	6267	1	1	0.19
impactan	9800	6267	1	1	0.19
aparecido	9800	6267	1	1	0.19
revistas	9800	6267	1	1	0.19
millones	9800	6267	1	1	0.19
páginas	9800	6267	1	1	0.19
vistas	9800	6267	1	1	0.19
empleados	9800	6267	1	1	0.19
calificado	9800	6267	1	1	0.19
mejores	9800	6267	1	1	0.19
resumo	9800	6267	1	1	0.19
vinculado	9800	6267	1	1	0.19
consecución	9800	6267	1	1	0.19
tuviese	9800	6267	1	1	0.19
preferiría	9800	6267	1	1	0.19
ricos	9800	6267	1	1	0.19
partiendo	9800	6267	1	1	0.19
tesis	9800	6267	1	1	0.19
sinonimo	9800	6267	1	1	0.19
salir	9800	6267	1	1	0.19
rueda	9800	6267	1	1	0.19
rata	9800	6267	1	1	0.19
fíjate	9800	6267	1	1	0.19
ramdon	9800	6267	1	1	0.19
rotundamente	9800	6267	1	1	0.19
triste	9800	6267	1	1	0.19
yate	9800	6267	1	1	0.19
cuantas	9800	6267	1	1	0.19
horas	9800	6267	1	1	0.19
pura	9800	6267	1	1	0.19
bancos	9800	6267	1	1	0.19
cajas	9800	6267	1	1	0.19
ahorros	9800	6267	1	1	0.19
rss	9800	6267	1	1	0.19
josep	9800	6267	1	1	0.19
pla	9800	6267	1	1	0.19
dure	9800	6267	1	1	0.19
faltaba	9800	6267	1	1	0.19
acúfenos	9800	6267	1	1	0.19
robaran	9800	6267	1	1	0.19
buscarla	9800	6267	1	1	0.19
aquel	9800	6267	1	1	0.19
pretenda	9800	6267	1	1	0.19
permanente	9800	6267	1	1	0.19
happyflower	9800	6267	1	1	0.19
encontrará	9800	6267	1	1	0.19
evidentemente	9800	6267	1	1	0.19
usagich	9800	6267	1	1	0.19
vacíos	9800	6267	1	1	0.19
engañan	9800	6267	1	1	0.19
autentica	9800	6267	1	1	0.19
mujer	9800	6267	1	1	0.19
determinada	9800	6267	1	1	0.19
condon	9800	6267	1	1	0.19
monumentos	9800	6267	1	1	0.19
pones	9800	6267	1	1	0.19
callejeros	9800	6267	1	1	0.19
estallado	9800	6267	1	1	0.19
sálvese	9800	6267	1	1	0.19
veo	9800	6267	1	1	0.19
detecto	9800	6267	1	1	0.19
falsa	9800	6267	1	1	0.19
fugaz	9800	6267	1	1	0.19
teniendo	9800	6267	1	1	0.19
iluminador	9800	6267	1	1	0.19
vislumbrar	9800	6267	1	1	0.19
tontería	9800	6267	1	1	0.19
regalos	9800	6267	1	1	0.19
emocionales	9800	6267	1	1	0.19
reconocimiento	9800	6267	1	1	0.19
elogios	9800	6267	1	1	0.19
personales	9800	6267	1	1	0.19
países	9800	6267	1	1	0.19
bajos	9800	6267	1	1	0.19
infantil	9800	6267	1	1	0.19
salen	9800	6267	1	1	0.19
grafica	9800	6267	1	1	0.19
chungking	9800	6267	1	1	0.19
adquiere	9800	6267	1	1	0.19
significado	9800	6267	1	1	0.19
retraso	9800	6267	1	1	0.19
twitter	9800	6267	1	1	0.19
Índice	9800	6267	1	1	0.19
cabeza	9800	6267	1	1	0.19
aproximaducho	9800	6267	1	1	0.19
comment icon	9800	6267	1	1	0.19
total	9800	6267	1	1	0.19
idioma	9800	6267	1	1	0.19
english	9800	6267	1	1	0.19
resetear	9800	6267	1	1	0.19
repetir	9800	6267	1	1	0.19
temas	9800	6267	1	1	0.19
pulsando	9800	6267	1	1	0.19
encantados	9800	6267	1	1	0.19
recordarlo	9800	6267	1	1	0.19
inspiración	9800	6267	1	1	0.19
seguridad	9800	6267	1	1	0.19
voy	9800	6267	1	1	0.19
checos	9800	6267	1	1	0.19
burbuja	9800	6267	1	1	0.19
cristal	9800	6267	1	1	0.19
propicia	9800	6267	1	1	0.19
cuele	9800	6267	1	1	0.19
rendijas	9800	6267	1	1	0.19
hogares	9800	6267	1	1	0.19
salodari	9800	6267	1	1	0.19
carita	9800	6267	1	1	0.19
mil	9800	6267	1	1	0.19
valiosa	9800	6267	1	1	0.19
olor	9800	6267	1	1	0.19
mantequilla	9800	6267	1	1	0.19
remota	9800	6267	1	1	0.19
vertiginosa	9800	6267	1	1	0.19
tamaña	9800	6267	1	1	0.19
obra	9800	6267	1	1	0.19
hostiles	9800	6267	1	1	0.19
aspirando	9800	6267	1	1	0.19
plenitud	9800	6267	1	1	0.19
acechada	9800	6267	1	1	0.19
miedo	9800	6267	1	1	0.19
terror	9800	6267	1	1	0.19
alojamientos	9800	6267	1	1	0.19
perhentian	9800	6267	1	1	0.19
malasia	9800	6267	1	1	0.19
hoteles	9800	6267	1	1	0.19
cabañas	9800	6267	1	1	0.19
cambiar	9800	6267	1	1	0.19
seleccione	9800	6267	1	1	0.19
ir	9800	6267	1	1	0.19
subjetiva	9800	6267	1	1	0.19
ergo	9800	6267	1	1	0.19
inversa	9800	6267	1	1	0.19
excusa	9800	6267	1	1	0.19
cumulo	9800	6267	1	1	0.19
factores	9800	6267	1	1	0.19
entendemos	9800	6267	1	1	0.19
demostrada	9800	6267	1	1	0.19
kebab	9800	6267	1	1	0.19
extendido	9800	6267	1	1	0.19
justificar	9800	6267	1	1	0.19
miserable	9800	6267	1	1	0.19
llevan	9800	6267	1	1	0.19
crece	9800	6267	1	1	0.19
exponencialmente	9800	6267	1	1	0.19
aporta	9800	6267	1	1	0.19
nula	9800	6267	1	1	0.19
libre	9800	6267	1	1	0.19
obviamente	9800	6267	1	1	0.19
fácil	9800	6267	1	1	0.19
alturas	9800	6267	1	1	0.19
per	9800	6267	1	1	0.19
generan	9800	6267	1	1	0.19
solucionar	9800	6267	1	1	0.19
fácilmente	9800	6267	1	1	0.19
problemas	9800	6267	1	1	0.19
hecha	9800	6267	1	1	0.19
suele	9800	6267	1	1	0.19
